a = 0.5; b = 0.866;

T = [a 1 0 0 0 0 0;...
     b 0 0 0 0 0 0;...
     -a 0 a 1 0 0 0;...
     b 0 b 0 0 0 0;...
     0 -1 -a 0 a 1 0;...
     0 0 b 0 b 0 0;...
     0 0 0 -1 -a 0 a];
 
 f = [-1000 -1433 1000 0 0 2000 0]';
 
 x = T\f